%Given plans
plan_1 = [1 1 1 0 1 0 1 0 1;
          0 2 0 0 0 0 0 0 0;
          1 0 0 0 0 1 1 0 1;
          0 0 0 0 0 0 1 0 0;
          1 0 0 0 0 0 0 0 1;
          1 0 1 0 0 0 0 0 1;
          1 0 1 1 0 0 0 0 1;
          0 0 0 0 0 0 0 3 1;
          1 0 1 0 1 0 1 1 1];

plan_2 = [2 0 0 0 0 0 0 0 0 0 0;
          0 1 0 1 0 1 0 1 0 1 0;
          0 0 0 0 0 0 0 0 0 0 0;
          0 1 0 1 1 1 0 1 0 1 0;
          0 0 0 1 0 1 0 0 0 0 0;
          0 1 0 1 1 1 0 1 0 1 0;
          0 0 0 0 0 0 0 0 0 0 0;
          0 1 0 1 0 1 0 1 1 1 0;
          0 0 0 0 0 0 0 1 0 1 0;
          0 1 0 1 0 1 0 1 1 1 0;
          0 0 0 0 0 0 0 0 0 0 3];

plan_3 = [2 0 0 0 0 0 0 0 0 0 0;
          0 1 0 1 0 1 0 1 0 1 0;
          0 0 0 0 0 0 0 0 0 0 0;
          0 1 0 1 1 1 0 1 0 1 0;
          0 0 0 1 0 1 0 0 0 0 0;
          0 1 0 1 1 1 0 1 0 1 0;
          0 0 0 0 0 0 0 0 0 0 0;
          0 1 0 1 0 1 0 0 1 0 0;
          0 0 0 0 0 0 0 1 1 1 0;
          0 1 0 1 0 1 0 0 1 0 0;
          0 0 0 0 0 0 0 0 0 0 3];
      
plan_4 = [1 1 1 0 1 0 1 0 1;
          0 0 0 0 0 0 0 0 0;
          2 1 0 1 0 1 0 1 3;
          0 0 0 0 0 0 0 0 0;
          1 0 1 1 0 0 0 0 0;
          1 0 0 0 1 1 0 0 1;
          1 0 1 0 0 0 0 0 1;
          0 0 0 0 0 0 0 1 1;
          1 0 1 0 1 0 1 1 0];
      
plan_5 = [1 1 0 1 0 0 0 1 1 0 1 1;
          1 1 0 0 0 1 1 0 0 3 0 1;
          0 0 0 0 0 0 0 0 1 1 0 0;
          1 0 0 1 0 0 0 0 1 0 0 0;
          0 0 0 1 1 1 1 0 0 1 1 0;
          1 0 0 1 0 1 0 0 1 1 1 1;
          1 1 0 0 0 0 0 1 0 1 0 1;
          0 0 0 1 1 0 0 0 0 0 1 0;
          0 0 0 0 0 0 0 0 0 0 0 0;
          2 1 0 1 0 1 0 1 0 1 1 1;
          0 1 1 1 0 1 1 1 0 1 0 1];

plan_6 = [1 1 0 1 0 0 0 1 1 0 1 1;
          1 3 0 0 0 1 1 0 0 0 0 1;
          0 0 0 0 0 0 0 0 1 1 0 0;
          1 0 0 0 0 0 0 0 1 0 0 0;
          0 0 0 1 0 1 1 0 0 1 1 0;
          1 0 0 1 0 1 0 0 1 1 1 1;
          1 0 0 0 0 1 0 1 0 1 0 1;
          0 0 0 1 1 0 0 0 0 0 1 0;
          0 1 1 1 0 0 1 0 0 0 0 0;
          0 0 2 0 0 1 0 1 0 1 1 1;
          0 1 1 1 0 1 1 1 0 1 0 1];
      
plan_7 = [1 0 1 0 1 0 1 0 1;
          0 0 0 0 0 0 0 3 0;
          1 0 0 1 1 1 1 0 1;
          0 0 1 1 0 0 1 0 0;
          1 0 0 0 0 0 1 0 1;
          0 0 0 2 0 1 1 0 0;
          1 0 0 0 0 1 0 0 1;
          0 1 0 0 0 0 0 0 0;
          1 0 1 0 1 0 1 0 1];

%New plans made for practice
planb_1 = [1 0 1 0 1 0 1 0 1;
           1 2 0 0 0 0 0 0 1; 
           1 0 0 0 1 0 0 0 1; 
           1 0 0 1 0 1 0 0 1; 
           1 0 0 1 1 1 0 0 1; 
           0 0 1 0 0 0 1 3 0; 
           0 0 0 1 0 1 0 0 1; 
           1 1 1 1 1 1 1 1 1];

planb_2 = [1 0 1 0 1 0 1 0 1; 
           1 0 1 0 0 0 0 0 1; 
           0 3 0 0 0 0 0 0 1; 
           1 0 0 1 1 1 0 0 1; 
           0 0 1 0 0 0 1 0 0; 
           0 1 0 1 0 1 0 1 0; 
           0 0 1 1 0 1 1 0 2; 
           1 1 1 1 0 1 1 1 1];

planb_3 = [1 0 1 0 1 0 1 0 1; 
           1 0 1 0 1 0 1 0 1; 
           0 0 0 0 0 0 0 0 0; 
           3 0 0 0 0 0 0 0 0; 
           0 0 0 1 1 1 0 1 1; 
           0 0 0 1 0 1 0 0 0; 
           0 0 1 1 0 1 1 0 2; 
           1 1 1 1 0 1 1 1 1];
